R 12 1,120 26,121
R 12 1,164 20,163
R 24 2,142 20,142
R 26 4,112 18,112
R 24 19,112 45,113
R 24 21,109 21,97 25,89 36,88
R 24 21,141 20,132 25,129 26,122
R 24 21,162 20,155 25,152 26,146 22,142
R 24 21,338 13,332 14,328 40,329
R 24 22,51 23,55 40,55
R 24 22,67 22,78 40,78
R 24 22,163 48,163
R 24 22,177 23,181 41,180
R 24 23,50 26,43 40,45
R 24 23,66 36,65 41,73
R 24 23,176 26,169 35,169 40,176
R 24 27,121 35,121
R 24 27,336 33,334 38,340
R 24 36,122 41,130 43,122
R 12 37,120 43,121
R 24 38,90 42,96 41,107 46,111
R 26 39,341 42,374
R 24 40,339 41,330
R 24 41,46 42,53
R 12 41,304 41,328
R 12 42,180 43,191
R 26 47,112 54,112
R 24 49,122 49,162
R 12 50,165 50,200
R 24 55,112 61,119
R 26 62,4 62,104
R 24 62,105 69,111
R 26 62,120 62,201
R 26 63,118 68,113
R 26 70,112 119,112
R 24 92,132 93,136 110,136
R 24 93,28 94,32 111,32
R 24 93,51 94,55 111,55
R 24 93,67 92,99 111,100
R 24 93,131 96,124 105,124
R 24 94,27 97,20 107,20
R 24 94,50 97,43 107,43 112,50
R 24 94,66 107,65
R 24 105,146 96,146 95,152 90,155 90,180 111,181
R 24 107,126 111,131
R 24 107,148 111,154
R 24 108,21 112,27
R 24 108,66 112,73
R 24 112,155 112,180
R 12 112,182 112,242
R 24 113,74 113,98
R 24 120,112 126,121 126,142
R 24 122,110 131,107
R 24 127,143 132,163
R 26 133,4 133,104
R 24 133,105 140,112
R 26 133,164 133,195
R 24 134,162 137,156
R 24 139,113 135,116 135,150 139,154
R 26 140,154 180,154
R 26 141,112 174,112
R 12 150,102 151,70
R 26 151,103 159,102
R 12 157,88 160,87 159,69
R 12 159,69 160,35 154,33 154,18 171,19
R 24 159,102 166,103
R 26 169,101 176,101
R 26 172,20 173,32
R 24 172,34 167,38 167,51 178,52
R 24 173,33 181,37
R 24 175,85 169,83 166,61 179,60 180,71
R 24 175,112 180,118 181,153
R 24 177,110 185,107
R 12 179,92 179,98
R 24 180,50 181,37
R 12 180,73 180,84
R 12 181,37 195,40
R 24 181,155 193,159
R 26 187,79 187,104
R 24 187,105 194,111
R 24 187,421 195,421
R 24 190,73 201,71
R 24 190,145 189,116 193,113
R 24 190,301 190,341
R 26 190,342 190,413
R 26 191,299 192,206 199,205
R 24 191,414 195,420
R 24 192,300 201,304 200,296
R 24 193,338 198,335 240,336
R 24 195,40 196,47
R 26 195,112 210,112
R 24 195,421 197,434 212,434
R 24 196,420 213,421
R 24 196,519 203,520
R 24 199,161 205,164
R 24 199,294 200,287 207,286
R 24 200,205 206,205
R 24 201,58 201,71
R 24 201,71 213,71
R 26 202,15 203,4
R 26 202,174 202,198
R 24 203,520 212,519
R 26 203,520 203,566
R 24 204,3 224,3
R 24 204,171 206,165
R 26 207,205 237,204
R 24 208,287 209,302 225,305 258,304 260,289
R 24 211,112 217,119
R 12 213,38 221,40
R 24 213,71 221,71
R 26 213,421 240,421
R 24 213,421 213,433
R 12 213,435 213,479
R 26 215,149 218,120
R 24 217,107 225,111
R 26 219,118 224,113
R 24 221,41 221,71
R 24 221,71 228,74
R 24 226,38 229,39 229,48
R 26 226,112 250,112 261,108
R 24 228,49 230,72
R 26 237,204 292,205
R 24 241,336 304,336
R 12 241,337 241,370
R 24 241,420 243,415 271,415
R 24 241,463 244,471 249,468
R 12 242,218 249,217
R 24 242,421 259,425
R 24 242,462 249,466
R 24 250,216 251,212 263,212 264,225
R 24 250,218 252,227 262,227
R 24 256,467 259,472 259,496 266,499
R 24 258,21 264,27
R 26 259,464 260,426
R 12 260,287 261,270
R 24 260,465 265,470 285,468
R 24 261,288 280,289 281,301 288,305 346,303
R 24 261,424 274,421
R 12 266,500 267,540
R 24 267,499 293,496
R 26 272,97 275,91
R 24 274,41 277,46
R 26 275,421 285,421
R 26 277,85 279,74
R 26 278,47 280,61
R 24 278,64 278,73
R 24 280,62 282,71
R 26 286,422 286,466
R 26 287,421 293,420
R 24 289,472 289,490 294,494
R 26 291,471 311,471
R 26 293,206 293,294
R 26 293,359 293,420
R 26 293,420 316,421
R 26 294,205 304,205
R 26 295,495 309,495
R 12 301,511 291,514 292,527 310,529 324,526
R 24 302,511 312,509
R 12 302,512 302,523
R 24 304,336 342,335 347,339
R 12 304,336 304,391
R 12 305,204 307,125
R 26 306,205 337,205
R 24 310,495 337,497 340,515 346,516
R 24 312,471 316,476 314,481
R 24 312,492 313,482
R 12 313,510 313,523
R 24 314,509 324,512 326,524
R 24 315,399 311,402 311,413 323,414
R 26 316,464 317,422
R 24 316,465 322,470 343,469
R 24 318,397 319,348
R 24 318,398 324,401
R 26 318,421 338,420
R 12 325,368 325,400
R 24 325,402 325,412
R 24 336,383 337,365
R 26 337,384 338,419
R 26 338,206 339,254
R 24 338,255 331,256 333,287 343,288 347,292
R 26 339,205 346,205
R 24 339,363 346,367
R 24 339,382 344,380 347,383
R 24 340,256 346,258
R 26 340,362 346,362
R 24 340,421 345,438
R 26 346,439 346,466
R 24 346,467 348,514
R 26 347,206 347,257
R 26 347,293 347,302
R 26 347,340 347,356
R 26 347,384 347,416
R 24 347,437 350,422
R 26 348,205 390,205
R 24 348,258 349,274 353,277 399,277 401,274 396,266
R 24 348,291 351,283 396,283 399,296
R 24 348,303 352,319
R 24 348,338 351,321
R 24 348,367 348,382
R 26 352,421 394,421
R 24 353,320 402,321
R 12 355,399 371,399
R 24 366,502 354,499 355,488 368,488 368,501
R 26 367,503 369,539
R 24 372,398 373,384 387,384 386,402
R 24 372,400 374,404 384,404
R 24 385,376 373,375 372,357 388,357 387,374
R 24 391,205 395,265
R 24 392,204 407,204
R 12 394,348 395,363
R 24 395,364 395,376 406,377
R 24 395,420 396,397 402,396
R 24 396,363 403,362
R 24 396,421 405,421
R 24 400,297 411,295 416,298 418,292
R 24 402,347 405,356
R 26 403,322 403,345
R 24 403,397 405,420
R 24 404,321 466,319
R 24 404,346 408,349 407,355
R 24 406,207 405,231 411,232 411,215
R 24 406,360 408,375
R 26 406,421 423,417
R 24 408,206 411,213
R 24 409,203 427,204 430,201
R 24 417,213 434,212 437,216 434,227 421,229 417,226 417,215
R 24 417,291 411,289 413,284 438,284 442,293 456,293
R 12 424,418 425,454
R 26 425,416 468,401
R 24 427,332 412,333 413,341 427,341
R 26 431,110 431,199
R 24 431,200 445,204
R 24 441,235 418,235 414,238 416,275 420,278 461,281
R 24 441,544 442,581
R 26 441,583 444,594
R 12 442,464 444,444
R 24 443,233 444,206
R 24 451,204 456,204 457,209
R 24 451,205 456,210
R 24 458,291 460,284
R 26 460,218 470,235
R 26 462,282 486,282
R 24 466,265 456,265 455,257 467,256 468,263
R 24 467,320 469,323 486,323 492,329 494,358
R 12 469,402 470,419
R 24 470,317 494,313
R 26 471,237 481,257
R 26 471,399 481,385
R 12 479,260 479,266
R 24 487,282 492,288 495,310
R 24 489,280 495,277
R 24 495,313 499,319
R 24 497,328 494,323 498,320
R 24 498,356 504,346 502,337
R 24 499,308 503,300 500,280
R 26 500,319 506,319
R 24 507,320 511,325 509,361
R 24 509,317 513,315 515,262 518,258 522,201 527,182
R 24 510,362 519,363
R 24 516,548 519,542
R 24 519,363 521,324 529,319
R 12 519,363 519,402
R 24 529,317 523,313 523,301 535,185
R 24 530,175 532,168
R 24 530,318 541,321 612,320
R 24 538,177 539,171
R 26 561,140 567,137
R 24 570,127 577,124
R 24 572,135 578,132
R 26 590,123 596,120
R 26 602,116 608,113
R 24 611,103 618,100
R 24 613,111 619,108
R 24 613,321 618,324 630,323
R 24 615,318 627,316
R 26 628,316 634,313
R 26 631,99 637,96
R 26 631,323 645,320
R 12 646,302 648,266
R 24 36,143 42,144 41,153 36,143
T 24 22,344 23,351
T 24 23,343 27,344 28,350
T 24 23,352 24,359
T 16 24,351 27,351
T 24 24,360 26,374
T 12 25,359 29,358
T 24 27,376 28,379
T 24 30,359 31,366
T 24 32,368 33,375
T 24 34,377 41,386
T 24 35,390 41,396
T 24 42,388 52,396
T 24 43,397 47,401
T 24 54,397 57,400
T 24 55,406 60,409
T 24 59,401 64,404
T 24 62,410 66,412
T 24 66,405 71,408
T 24 68,413 79,418
T 24 75,410 80,412
T 24 81,419 105,422
T 24 82,413 106,417
T 16 106,418 106,421
T 24 110,417 119,417
T 16 110,418 110,421
T 24 111,422 120,422
T 24 122,421 136,423
T 24 124,418 137,418
T 24 137,418 143,418
T 16 137,418 137,422
T 24 138,423 141,423
T 12 142,422 143,419
T 24 143,423 149,423
T 24 144,418 147,418
T 24 148,418 156,418
T 12 148,419 149,422
T 24 150,423 157,423
T 24 157,418 163,418
T 12 157,419 157,422
T 24 158,423 163,424
T 16 164,419 164,423
T 24 165,418 176,418
T 24 165,424 176,423
T 26 177,419 177,422
T 24 240,267 234,266 233,227 243,227 242,265
T 24 269,504 270,550
T 24 270,552 270,566
T 16 270,566 274,566
T 24 270,566 270,575
T 24 270,576 270,589
T 24 270,591 271,597
T 24 271,503 275,512 274,551
T 26 271,551 274,551
T 16 271,576 274,576
T 24 274,551 275,565
T 24 274,590 276,596
T 24 275,567 275,575
T 24 275,577 275,588
T 12 275,599 275,646
T 12 371,400 371,413
T 24 441,439 442,417
T 12 442,440 446,439
T 12 452,441 454,468
T 24 459,409 462,415
T 26 459,436 462,434
T 26 460,408 463,409
T 26 461,546 459,538 463,535
T 24 462,458 461,443 464,441 467,442 469,456
T 24 463,414 464,410
T 24 463,459 468,458
T 26 463,551 465,554
T 26 465,422 468,425
T 26 466,432 469,430
T 26 466,555 466,560
T 26 467,554 470,553
T 26 468,565 469,568
T 26 470,457 473,457
T 24 471,531 473,483
T 26 472,531 477,530
T 26 473,573 517,619
T 24 474,456 475,436
T 24 474,457 480,460
T 26 474,572 479,570
T 26 475,429 476,433
T 26 478,425 481,423
T 26 478,550 481,549
T 24 481,439 486,455
T 26 481,461 482,470
T 26 482,459 486,456
T 26 485,421 490,419
T 26 485,478 486,481
T 24 486,525 488,496
T 16 487,456 489,461
T 24 487,526 495,528 496,542
T 26 487,567 490,566
T 24 488,455 493,455
T 26 488,486 489,493
T 24 491,419 495,422 495,416
T 24 491,464 493,478
T 12 491,531 491,544
T 26 492,545 495,544
T 24 493,462 494,456
T 24 494,499 497,508
T 26 495,455 507,454
T 26 497,414 500,412
T 24 497,543 505,545 506,552 503,554
T 24 498,510 505,520
T 26 498,563 501,562
T 12 501,548 502,554
T 26 502,411 505,410
T 24 502,555 502,560
T 12 503,394 505,409
T 24 503,561 515,561
T 16 504,522 504,525
T 26 506,410 509,423
T 26 507,520 510,518
T 24 507,521 508,524
T 24 507,534 513,538
T 24 508,426 508,453
T 24 509,454 519,455
T 24 510,424 520,454
T 24 511,542 512,550 518,556
T 26 512,517 515,516
T 26 514,538 518,537
T 26 517,563 518,568
T 26 518,620 531,631
T 24 519,537 522,540
T 24 519,557 521,560
T 12 519,618 520,596
T 26 520,456 526,477
T 26 520,536 525,533
T 12 520,567 524,566
T 24 521,554 525,553
T 12 521,570 524,569
T 26 521,574 522,579
T 24 521,590 527,593
T 12 522,573 525,572
T 24 522,588 523,585
T 26 523,513 526,512
T 26 523,580 523,583
T 16 524,584 529,586
T 24 525,561 526,554
T 12 526,573 527,576
T 26 527,478 532,482
T 26 529,596 530,601
T 16 530,587 530,590
T 26 531,551 534,550
T 24 531,585 537,584
T 12 531,591 533,593
T 12 532,600 536,599
T 24 532,632 537,635 544,633
T 26 533,530 536,529
T 12 533,603 536,602
T 26 533,607 535,620
T 24 533,629 534,622
T 26 534,509 537,508
T 12 534,606 537,605
T 24 536,486 538,506
T 24 537,594 538,585
T 24 539,507 550,504 557,507
T 26 539,605 544,606
T 24 539,623 540,626
T 12 540,484 541,392
T 24 540,485 554,488
T 26 541,582 544,581
T 24 541,628 544,632
T 26 542,547 545,546
T 26 544,526 548,526
T 24 549,525 550,511
T 26 551,531 553,542
T 26 551,635 558,635
T 26 554,543 562,571
T 24 554,578 557,580
T 24 556,575 560,573
T 24 558,582 560,591
T 24 559,508 565,512
T 24 560,593 560,632
T 16 561,592 565,592
T 24 561,633 567,631
T 24 563,572 566,591
T 24 564,495 566,511
T 26 566,512 569,515
T 24 566,593 566,625 569,628
T 26 570,533 572,547 580,552
T 26 572,517 576,521
T 26 574,626 577,624
T 26 579,623 584,620
T 26 581,553 584,599
T 12 583,601 587,605
T 26 585,528 588,531
T 24 585,600 588,600
T 26 585,619 588,606
T 26 588,604 589,601
T 26 589,599 598,540
T 26 591,533 594,536
T 24 622,61 622,82
T 24 624,59 640,59 644,64
T 24 624,84 634,84 641,73
T 24 643,72 646,72
